4626.56
3721.56
2925.47
2235.33
1648.57
1162.98
776.719
488.312
296.654
201.009
201.009
296.654
488.312
776.719
1162.98
1648.57
2235.33
2925.47
3721.56
4626.56
3741.45
2967.94
2293.39
1714.86
1229.75
835.876
531.382
314.798
185.018
141.307
183.295
310.984
524.741
825.303
1213.77
1691.63
2260.71
2923.22
3681.75
4539.24
2996.43
2339.8
1773.29
1293.96
899.216
586.861
355.048
202.306
127.529
129.981
209.293
365.465
598.866
910.231
1300.67
1771.65
2325.01
2962.97
3688.1
4503.36
2376.76
1822.41
1350.43
957.898
642.224
401.2
232.984
136.104
109.455
152.299
264.269
445.364
695.953
1016.77
1408.93
1873.89
2413.5
3029.98
3725.89
4504.19
1869.56
1402.86
1011.92
693.789
445.886
266.003
152.299
103.301
117.903
195.37
335.332
537.789
803.111
1132.03
1525.66
1985.47
2513.3
3111.35
3782.22
4528.84
1463.78
1070.13
746.712
490.579
299.152
170.22
101.943
92.8458
141.825
248.143
411.432
631.692
909.291
1244.97
1639.82
2095.33
2613.34
3196.05
3846.04
4566.27
1150.2
814.99
545.593
339.061
192.814
104.644
72.707
95.5314
172.012
301.412
483.362
717.864
1005.29
1346.36
1742.2
2194.27
2704.42
3274.85
3908.15
4607.26
921.457
630.081
401.2
231.868
119.507
61.9068
57.226
103.991
201.098
347.809
543.755
788.938
1083.73
1428.85
1825.43
2274.92
2779.18
3340.4
3961.18
4644.45
772.034
509.878
308.007
163.475
73.7046
36.4849
49.9747
112.701
223.558
381.809
587.087
839.391
1139.09
1486.92
1883.98
2331.76
2832.09
3387.17
3999.6
4672.31
698.243
450.697
262.331
130.2
51.7242
24.6948
47.2698
117.976
235.708
399.73
609.673
865.538
1167.69
1516.87
1914.18
2361.1
2859.46
3411.48
4019.73
4687.16
698.243
450.697
262.331
130.2
51.7242
24.6948
47.2698
117.976
235.708
399.73
609.673
865.538
1167.69
1516.87
1914.18
2361.1
2859.46
3411.48
4019.73
4687.16
772.034
509.878
308.007
163.475
73.7046
36.4849
49.9747
112.701
223.558
381.809
587.087
839.391
1139.09
1486.92
1883.98
2331.76
2832.09
3387.17
3999.6
4672.31
921.457
630.081
401.2
231.868
119.507
61.9068
57.226
103.991
201.098
347.809
543.755
788.938
1083.73
1428.85
1825.43
2274.92
2779.18
3340.4
3961.18
4644.45
1150.2
814.99
545.593
339.061
192.814
104.644
72.707
95.5314
172.012
301.412
483.362
717.864
1005.29
1346.36
1742.2
2194.27
2704.42
3274.85
3908.15
4607.26
1463.78
1070.13
746.712
490.579
299.152
170.22
101.943
92.8458
141.825
248.143
411.432
631.692
909.291
1244.97
1639.82
2095.33
2613.34
3196.05
3846.04
4566.27
1869.56
1402.86
1011.92
693.789
445.886
266.003
152.299
103.301
117.903
195.37
335.332
537.789
803.111
1132.03
1525.66
1985.47
2513.3
3111.35
3782.22
4528.84
2376.76
1822.41
1350.43
957.898
642.224
401.2
232.984
136.104
109.455
152.299
264.269
445.364
695.953
1016.77
1408.93
1873.89
2413.5
3029.98
3725.89
4504.19
2996.43
2339.8
1773.29
1293.96
899.216
586.861
355.048
202.306
127.529
129.981
209.293
365.465
598.866
910.231
1300.67
1771.65
2325.01
2962.97
3688.1
4503.36
3741.45
2967.94
2293.39
1714.86
1229.75
835.876
531.382
314.798
185.018
141.307
183.295
310.984
524.741
825.303
1213.77
1691.63
2260.71
2923.22
3681.75
4539.24
4626.56
3721.56
2925.47
2235.33
1648.57
1162.98
776.719
488.312
296.654
201.009
201.009
296.654
488.312
776.719
1162.98
1648.57
2235.33
2925.47
3721.56
4626.56
4539.24
3681.75
2923.22
2260.71
1691.63
1213.77
825.303
524.741
310.984
183.295
141.307
185.018
314.798
531.382
835.876
1229.75
1714.86
2293.39
2967.94
3741.45
3624.29
2898.3
2261.31
1710.4
1242.98
856.836
550.132
321.393
169.514
93.7589
93.7589
169.514
321.393
550.132
856.836
1242.98
1710.4
2261.31
2898.3
3624.29
2852.75
2243.63
1714.69
1262.98
885.922
581.301
347.279
182.382
85.5062
55.9139
93.2371
197.476
368.998
608.542
917.21
1296.48
1748.19
2274.54
2878.13
3561.89
2209.88
1703.04
1268.63
903.72
605.725
372.436
202.011
92.9762
44.2273
55.0276
125.009
254.17
442.881
691.878
1002.27
1375.52
1813.47
2318.35
2892.71
3539.52
1682.79
1263.6
910.231
619.722
389.498
217.35
101.436
40.2832
32.7864
78.2088
176.182
326.707
530.151
787.25
1099.11
1467.21
1893.38
2379.83
2929.15
3544.28
1260.43
914.294
628.446
399.937
226.19
104.993
34.5052
13.2538
40.1336
114.408
235.708
404.035
619.756
883.609
1196.7
1560.49
1976.84
2447.95
2976.4
3565.14
933.589
645.896
414.068
235.16
106.593
26.1566
-7.98987
2.67993
57.061
154.417
294.379
476.947
702.49
971.745
1285.82
1646.18
2054.67
2513.5
3025.25
3592.87
694.905
451.042
259.73
118.022
23.3405
-26.5249
-33.4156
1.19514
76.2022
190.869
344.827
538.077
770.987
1044.29
1359.1
1716.88
2119.48
2569.1
3068.33
3620.11
538.852
324.209
159.907
42.9996
-29.0916
-58.5765
-47.2967
3.27462
92.0324
218.24
381.529
581.9
819.72
1095.73
1411.03
1767.09
2165.76
2609.24
3100.12
3641.35
461.746
261.713
110.917
6.40919
-54.3868
-73.6815
-53.3164
5.23516
100.868
232.846
400.801
604.732
845.008
1122.37
1437.91
1793.11
2189.82
2630.23
3116.94
3652.88
461.746
261.713
110.917
6.40919
-54.3868
-73.6815
-53.3164
5.23516
100.868
232.846
400.801
604.732
845.008
1122.37
1437.91
1793.11
2189.82
2630.23
3116.94
3652.88
538.852
324.209
159.907
42.9996
-29.0916
-58.5765
-47.2967
3.27462
92.0324
218.24
381.529
581.9
819.72
1095.73
1411.03
1767.09
2165.76
2609.24
3100.12
3641.35
694.905
451.042
259.73
118.022
23.3405
-26.5249
-33.4156
1.19514
76.2022
190.869
344.827
538.077
770.987
1044.29
1359.1
1716.88
2119.48
2569.1
3068.33
3620.11
933.589
645.896
414.068
235.16
106.593
26.1566
-7.98987
2.67993
57.061
154.417
294.379
476.947
702.49
971.745
1285.82
1646.18
2054.67
2513.5
3025.25
3592.87
1260.43
914.294
628.446
399.937
226.19
104.993
34.5052
13.2538
40.1336
114.408
235.708
404.035
619.756
883.609
1196.7
1560.49
1976.84
2447.95
2976.4
3565.14
1682.79
1263.6
910.231
619.722
389.498
217.35
101.436
40.2832
32.7864
78.2088
176.182
326.707
530.151
787.25
1099.11
1467.21
1893.38
2379.83
2929.15
3544.28
2209.88
1703.04
1268.63
903.72
605.725
372.436
202.011
92.9762
44.2273
55.0276
125.009
254.17
442.881
691.878
1002.27
1375.52
1813.47
2318.35
2892.71
3539.52
2852.75
2243.63
1714.69
1262.98
885.922
581.301
347.279
182.382
85.5062
55.9139
93.2371
197.476
368.998
608.542
917.21
1296.48
1748.19
2274.54
2878.13
3561.89
3624.29
2898.3
2261.31
1710.4
1242.98
856.836
550.132
321.393
169.514
93.7589
93.7589
169.514
321.393
550.132
856.836
1242.98
1710.4
2261.31
2898.3
3624.29
4539.24
3681.75
2923.22
2260.71
1691.63
1213.77
825.303
524.741
310.984
183.295
141.307
185.018
314.798
531.382
835.876
1229.75
1714.86
2293.39
2967.94
3741.45
4503.36
3688.1
2962.97
2325.01
1771.65
1300.67
910.231
598.866
365.465
209.293
129.981
127.529
202.306
355.048
586.861
899.216
1293.96
1773.29
2339.8
2996.43
3561.89
2878.13
2274.54
1748.19
1296.48
917.21
608.542
368.998
197.476
93.2371
55.9139
85.5062
182.382
347.279
581.301
885.922
1262.98
1714.69
2243.63
2852.75
2766.78
2199.9
1704.35
1277.19
915.848
618.103
382.116
206.415
89.8953
31.8195
31.8195
89.8953
206.415
382.116
618.103
915.848
1277.19
1704.35
2199.9
2766.78
2103.28
1638.67
1237.66
897.306
615.026
388.612
216.222
96.3832
27.9905
10.3073
42.9651
125.964
259.672
444.827
682.532
974.262
1321.86
1727.53
2193.85
2723.78
1558.51
1181.56
861.582
595.627
381.119
215.846
97.9677
26.0108
-1.12989
15.8091
76.4593
180.821
329.262
522.519
761.698
1048.27
1384.08
1771.34
2212.62
2710.87
1121.42
817.518
565.064
361.11
203.077
88.7559
16.304
-15.7515
-8.5155
37.2753
121.253
243.416
404.135
604.145
844.551
1126.83
1452.81
1824.72
2245.13
2716.99
782.792
537.333
338.9
184.546
71.6941
-1.86653
-37.9774
-38.1117
-3.37435
65.4979
168.137
304.542
475.083
680.495
921.883
1200.72
1518.85
1878.48
2282.19
2732.93
535.269
333.64
175.722
58.5689
-20.3977
-63.3877
-72.2428
-48.4362
6.92714
93.1105
209.746
356.832
534.739
744.203
986.328
1262.59
1574.82
1925.25
2316.44
2751.34
373.322
200.914
70.006
-22.3467
-78.7229
-101.332
-92.017
-52.2498
16.8641
114.588
240.554
394.762
577.58
789.744
1032.36
1306.9
1615.21
1959.49
2342.33
2766.67
293.27
135.471
18.0689
-61.8837
-106.965
-119.384
-100.983
-53.2358
22.7534
126.248
256.879
414.647
599.921
813.436
1056.3
1329.98
1636.32
1977.54
2356.2
2775.26
293.27
135.471
18.0689
-61.8837
-106.965
-119.384
-100.983
-53.2358
22.7534
126.248
256.879
414.647
599.921
813.436
1056.3
1329.98
1636.32
1977.54
2356.2
2775.26
373.322
200.914
70.006
-22.3467
-78.7229
-101.332
-92.017
-52.2498
16.8641
114.588
240.554
394.762
577.58
789.744
1032.36
1306.9
1615.21
1959.49
2342.33
2766.67
535.269
333.64
175.722
58.5689
-20.3977
-63.3877
-72.2428
-48.4362
6.92714
93.1105
209.746
356.832
534.739
744.203
986.328
1262.59
1574.82
1925.25
2316.44
2751.34
782.792
537.333
338.9
184.546
71.6941
-1.86653
-37.9774
-38.1117
-3.37435
65.4979
168.137
304.542
475.083
680.495
921.883
1200.72
1518.85
1878.48
2282.19
2732.93
1121.42
817.518
565.064
361.11
203.077
88.7559
16.304
-15.7515
-8.5155
37.2753
121.253
243.416
404.135
604.145
844.551
1126.83
1452.81
1824.72
2245.13
2716.99
1558.51
1181.56
861.582
595.627
381.119
215.846
97.9677
26.0108
-1.12989
15.8091
76.4593
180.821
329.262
522.519
761.698
1048.27
1384.08
1771.34
2212.62
2710.87
2103.28
1638.67
1237.66
897.306
615.026
388.612
216.222
96.3832
27.9905
10.3073
42.9651
125.964
259.672
444.827
682.532
974.262
1321.86
1727.53
2193.85
2723.78
2766.78
2199.9
1704.35
1277.19
915.848
618.103
382.116
206.415
89.8953
31.8195
31.8195
89.8953
206.415
382.116
618.103
915.848
1277.19
1704.35
2199.9
2766.78
3561.89
2878.13
2274.54
1748.19
1296.48
917.21
608.542
368.998
197.476
93.2371
55.9139
85.5062
182.382
347.279
581.301
885.922
1262.98
1714.69
2243.63
2852.75
4503.36
3688.1
2962.97
2325.01
1771.65
1300.67
910.231
598.866
365.465
209.293
129.981
127.529
202.306
355.048
586.861
899.216
1293.96
1773.29
2339.8
2996.43
4504.19
3725.89
3029.98
2413.5
1873.89
1408.93
1016.77
695.953
445.364
264.269
152.299
109.455
136.104
232.984
401.2
642.224
957.898
1350.43
1822.41
2376.76
3539.52
2892.71
2318.35
1813.47
1375.52
1002.27
691.878
442.881
254.17
125.009
55.0276
44.2273
92.9762
202.011
372.436
605.725
903.72
1268.63
1703.04
2209.88
2723.78
2193.85
1727.53
1321.86
974.262
682.532
444.827
259.672
125.964
42.9651
10.3073
27.9905
96.3832
216.222
388.612
615.026
897.306
1237.66
1638.67
2103.28
2042.24
1614.58
1242.79
923.921
655.391
434.993
260.885
131.592
46.0114
3.40507
3.40507
46.0114
131.592
260.885
434.993
655.391
923.921
1242.79
1614.58
2042.24
1482
1142
851.242
606.773
406.015
246.758
127.161
45.7505
1.4215
-6.56263
21.4298
85.3988
185.713
323.108
498.69
713.931
970.674
1271.13
1617.87
2013.85
1032.01
765.067
541.833
359.365
215.082
106.777
32.606
-8.903
-18.8554
2.01235
53.3318
135.103
247.694
391.842
568.652
779.596
1026.52
1311.62
1637.5
2007.08
683.073
474.569
305.356
172.488
73.3861
5.84136
-31.9883
-41.5762
-24.0272
19.922
89.903
185.916
308.329
457.879
635.671
843.178
1082.24
1355.07
1664.25
2012.71
427.815
263.141
134.443
38.7754
-26.4405
-63.4146
-73.9884
-59.6354
-21.4605
39.7998
123.777
230.471
360.251
513.852
692.381
897.309
1130.48
1394.1
1690.75
2023.38
260.712
125.258
23.5707
-47.2967
-89.9222
-106.516
-98.9192
-68.6056
-16.68
56.1211
149.429
263.244
397.935
554.237
733.257
936.467
1165.71
1423.19
1711.5
2033.57
178.081
57.2375
-30.9447
-89.4119
-120.742
-127.146
-110.464
-72.1699
-13.3689
65.2025
163.176
280.551
417.697
575.35
754.616
956.966
1184.24
1438.66
1722.79
2039.58
178.081
57.2375
-30.9447
-89.4119
-120.742
-127.146
-110.464
-72.1699
-13.3689
65.2025
163.176
280.551
417.697
575.35
754.616
956.966
1184.24
1438.66
1722.79
2039.58
260.712
125.258
23.5707
-47.2967
-89.9222
-106.516
-98.9192
-68.6056
-16.68
56.1211
149.429
263.244
397.935
554.237
733.257
936.467
1165.71
1423.19
1711.5
2033.57
427.815
263.141
134.443
38.7754
-26.4405
-63.4146
-73.9884
-59.6354
-21.4605
39.7998
123.777
230.471
360.251
513.852
692.381
897.309
1130.48
1394.1
1690.75
2023.38
683.073
474.569
305.356
172.488
73.3861
5.84136
-31.9883
-41.5762
-24.0272
19.922
89.903
185.916
308.329
457.879
635.671
843.178
1082.24
1355.07
1664.25
2012.71
1032.01
765.067
541.833
359.365
215.082
106.777
32.606
-8.903
-18.8554
2.01235
53.3318
135.103
247.694
391.842
568.652
779.596
1026.52
1311.62
1637.5
2007.08
1482
1142
851.242
606.773
406.015
246.758
127.161
45.7505
1.4215
-6.56263
21.4298
85.3988
185.713
323.108
498.69
713.931
970.674
1271.13
1617.87
2013.85
2042.24
1614.58
1242.79
923.921
655.391
434.993
260.885
131.592
46.0114
3.40507
3.40507
46.0114
131.592
260.885
434.993
655.391
923.921
1242.79
1614.58
2042.24
2723.78
2193.85
1727.53
1321.86
974.262
682.532
444.827
259.672
125.964
42.9651
10.3073
27.9905
96.3832
216.222
388.612
615.026
897.306
1237.66
1638.67
2103.28
3539.52
2892.71
2318.35
1813.47
1375.52
1002.27
691.878
442.881
254.17
125.009
55.0276
44.2273
92.9762
202.011
372.436
605.725
903.72
1268.63
1703.04
2209.88
4504.19
3725.89
3029.98
2413.5
1873.89
1408.93
1016.77
695.953
445.364
264.269
152.299
109.455
136.104
232.984
401.2
642.224
957.898
1350.43
1822.41
2376.76
4528.84
3782.22
3111.35
2513.3
1985.47
1525.66
1132.03
803.111
537.789
335.332
195.37
117.903
103.301
152.299
266.003
445.886
693.789
1011.92
1402.86
1869.56
3544.28
2929.15
2379.83
1893.38
1467.21
1099.11
787.25
530.151
326.707
176.182
78.2088
32.7864
40.2832
101.436
217.35
389.498
619.722
910.231
1263.6
1682.79
2710.87
2212.62
1771.34
1384.08
1048.27
761.698
522.519
329.262
180.821
76.4593
15.8091
-1.12989
26.0108
97.9677
215.846
381.119
595.627
861.582
1181.56
1558.51
2013.85
1617.87
1271.13
970.674
713.931
498.69
323.108
185.713
85.3988
21.4298
-6.56263
1.4215
45.7505
127.161
246.758
406.015
606.773
851.242
1142
1482
1440.35
1132.03
866.32
640.267
451.295
297.195
176.125
86.6111
27.5493
-1.79747
-1.79747
27.5493
86.6111
176.125
297.195
451.295
640.267
866.32
1132.03
1440.35
979.318
744.049
545.862
381.809
249.313
146.164
70.5201
20.908
-3.7772
-4.27213
19.0549
66.2038
137.543
233.809
356.107
505.91
685.06
895.767
1140.61
1422.53
621.54
444.712
300.544
186.092
98.7773
36.389
-2.91395
-20.6049
-17.7888
4.79778
46.7864
108.177
189.338
291.006
414.287
560.652
731.945
930.374
1158.52
1419.32
359.652
226.654
123.002
45.7505
-7.6791
-39.4967
-51.5439
-45.2939
-21.8518
18.0458
74.0307
146.103
234.63
340.35
464.367
608.154
773.553
962.775
1178.4
1423.36
188.13
84.3513
7.70982
-44.7414
-75.5807
-87.0178
-80.8945
-58.6839
-21.4912
29.9472
95.2629
174.456
267.894
376.315
500.823
642.891
804.362
987.444
1194.72
1429.13
103.289
14.1209
-49.0155
-89.0666
-108.611
-109.858
-94.649
-64.4581
-20.39
36.8187
106.8
189.553
285.447
395.218
519.972
661.181
820.687
1000.7
1203.8
1432.93
103.289
14.1209
-49.0155
-89.0666
-108.611
-109.858
-94.649
-64.4581
-20.39
36.8187
106.8
189.553
285.447
395.218
519.972
661.181
820.687
1000.7
1203.8
1432.93
188.13
84.3513
7.70982
-44.7414
-75.5807
-87.0178
-80.8945
-58.6839
-21.4912
29.9472
95.2629
174.456
267.894
376.315
500.823
642.891
804.362
987.444
1194.72
1429.13
359.652
226.654
123.002
45.7505
-7.6791
-39.4967
-51.5439
-45.2939
-21.8518
18.0458
74.0307
146.103
234.63
340.35
464.367
608.154
773.553
962.775
1178.4
1423.36
621.54
444.712
300.544
186.092
98.7773
36.389
-2.91395
-20.6049
-17.7888
4.79778
46.7864
108.177
189.338
291.006
414.287
560.652
731.945
930.374
1158.52
1419.32
979.318
744.049
545.862
381.809
249.313
146.164
70.5201
20.908
-3.7772
-4.27213
19.0549
66.2038
137.543
233.809
356.107
505.91
685.06
895.767
1140.61
1422.53
1440.35
1132.03
866.32
640.267
451.295
297.195
176.125
86.6111
27.5493
-1.79747
-1.79747
27.5493
86.6111
176.125
297.195
451.295
640.267
866.32
1132.03
1440.35
2013.85
1617.87
1271.13
970.674
713.931
498.69
323.108
185.713
85.3988
21.4298
-6.56263
1.4215
45.7505
127.161
246.758
406.015
606.773
851.242
1142
1482
2710.87
2212.62
1771.34
1384.08
1048.27
761.698
522.519
329.262
180.821
76.4593
15.8091
-1.12989
26.0108
97.9677
215.846
381.119
595.627
861.582
1181.56
1558.51
3544.28
2929.15
2379.83
1893.38
1467.21
1099.11
787.25
530.151
326.707
176.182
78.2088
32.7864
40.2832
101.436
217.35
389.498
619.722
910.231
1263.6
1682.79
4528.84
3782.22
3111.35
2513.3
1985.47
1525.66
1132.03
803.111
537.789
335.332
195.37
117.903
103.301
152.299
266.003
445.886
693.789
1011.92
1402.86
1869.56
4566.27
3846.04
3196.05
2613.34
2095.33
1639.82
1244.97
909.291
631.692
411.432
248.143
141.825
92.8458
101.943
170.22
299.152
490.579
746.712
1070.13
1463.78
3565.14
2976.4
2447.95
1976.84
1560.49
1196.7
883.609
619.756
404.035
235.708
114.408
40.1336
13.2538
34.5052
104.993
226.19
399.937
628.446
914.294
1260.43
2716.99
2245.13
1824.72
1452.81
1126.83
844.551
604.145
404.135
243.416
121.253
37.2753
-8.5155
-15.7515
16.304
88.7559
203.077
361.11
565.064
817.518
1121.42
2007.08
1637.5
1311.62
1026.52
779.596
568.652
391.842
247.694
135.103
53.3318
2.01235
-18.8554
-8.903
32.606
106.777
215.082
359.365
541.833
765.067
1032.01
1422.53
1140.61
895.767
685.06
505.91
356.107
233.809
137.543
66.2038
19.0549
-4.27213
-3.7772
20.908
70.5201
146.164
249.313
381.809
545.862
744.049
979.318
952.289
743.416
566.1
417.394
294.72
195.868
118.997
62.6319
25.6693
7.37219
7.37219
25.6693
62.6319
118.997
195.868
294.72
417.394
566.1
743.416
952.289
587.144
436.712
313.416
214.311
136.818
78.7268
38.1961
13.7526
4.29134
9.07568
27.7373
60.2762
107.061
168.827
246.681
342.096
456.912
593.341
753.959
941.715
319.732
213.13
130.349
68.4445
24.8368
-2.68375
-15.9587
-16.4613
-5.29653
16.7989
49.4567
92.6769
146.828
212.646
291.237
384.073
492.996
620.217
768.312
940.23
144.526
67.1438
11.3739
-25.7307
-46.748
-53.8881
-48.9925
-33.5345
-8.61909
25.0171
67.0057
117.347
176.409
244.928
324.01
415.127
520.121
641.203
780.951
942.31
57.8437
-4.9282
-47.1931
-71.8975
-81.6196
-78.5694
-64.5886
-41.1503
-9.35957
30.047
76.701
130.603
192.12
261.99
341.317
431.575
534.605
652.617
788.19
944.27
57.8437
-4.9282
-47.1931
-71.8975
-81.6196
-78.5694
-64.5886
-41.1503
-9.35957
30.047
76.701
130.603
192.12
261.99
341.317
431.575
534.605
652.617
788.19
944.27
144.526
67.1438
11.3739
-25.7307
-46.748
-53.8881
-48.9925
-33.5345
-8.61909
25.0171
67.0057
117.347
176.409
244.928
324.01
415.127
520.121
641.203
780.951
942.31
319.732
213.13
130.349
68.4445
24.8368
-2.68375
-15.9587
-16.4613
-5.29653
16.7989
49.4567
92.6769
146.828
212.646
291.237
384.073
492.996
620.217
768.312
940.23
587.144
436.712
313.416
214.311
136.818
78.7268
38.1961
13.7526
4.29134
9.07568
27.7373
60.2762
107.061
168.827
246.681
342.096
456.912
593.341
753.959
941.715
952.289
743.416
566.1
417.394
294.72
195.868
118.997
62.6319
25.6693
7.37219
7.37219
25.6693
62.6319
118.997
195.868
294.72
417.394
566.1
743.416
952.289
1422.53
1140.61
895.767
685.06
505.91
356.107
233.809
137.543
66.2038
19.0549
-4.27213
-3.7772
20.908
70.5201
146.164
249.313
381.809
545.862
744.049
979.318
2007.08
1637.5
1311.62
1026.52
779.596
568.652
391.842
247.694
135.103
53.3318
2.01235
-18.8554
-8.903
32.606
106.777
215.082
359.365
541.833
765.067
1032.01
2716.99
2245.13
1824.72
1452.81
1126.83
844.551
604.145
404.135
243.416
121.253
37.2753
-8.5155
-15.7515
16.304
88.7559
203.077
361.11
565.064
817.518
1121.42
3565.14
2976.4
2447.95
1976.84
1560.49
1196.7
883.609
619.756
404.035
235.708
114.408
40.1336
13.2538
34.5052
104.993
226.19
399.937
628.446
914.294
1260.43
4566.27
3846.04
3196.05
2613.34
2095.33
1639.82
1244.97
909.291
631.692
411.432
248.143
141.825
92.8458
101.943
170.22
299.152
490.579
746.712
1070.13
1463.78
4607.26
3908.15
3274.85
2704.42
2194.27
1742.2
1346.36
1005.29
717.864
483.362
301.412
172.012
95.5314
72.707
104.644
192.814
339.061
545.593
814.99
1150.2
3592.87
3025.25
2513.5
2054.67
1646.18
1285.82
971.745
702.49
476.947
294.379
154.417
57.061
2.67993
-7.98987
26.1566
106.593
235.16
414.068
645.896
933.589
2732.93
2282.19
1878.48
1518.85
1200.72
921.883
680.495
475.083
304.542
168.137
65.4979
-3.37435
-38.1117
-37.9774
-1.86653
71.6941
184.546
338.9
537.333
782.792
2012.71
1664.25
1355.07
1082.24
843.178
635.671
457.879
308.329
185.916
89.903
19.922
-24.0272
-41.5762
-31.9883
5.84136
73.3861
172.488
305.356
474.569
683.073
1419.32
1158.52
930.374
731.945
560.652
414.287
291.006
189.338
108.177
46.7864
4.79778
-17.7888
-20.6049
-2.91395
36.389
98.7773
186.092
300.544
444.712
621.54
941.715
753.959
593.341
456.912
342.096
246.681
168.827
107.061
60.2762
27.7373
9.07568
4.29134
13.7526
38.1961
78.7268
136.818
214.311
313.416
436.712
587.144
570.677
441.362
334.764
247.936
178.3
123.647
82.1337
52.2882
33.0051
23.5476
23.5476
33.0051
52.2882
82.1337
123.647
178.3
247.936
334.764
441.362
570.677
298.845
213.36
147.277
97.6493
61.8991
37.8163
23.5591
17.6545
18.9973
26.851
40.8472
60.986
87.6355
121.533
163.782
215.857
279.6
357.22
451.295
564.773
120.692
64.4275
25.3547
0.527556
-12.6323
-16.3347
-12.4212
-2.3653
12.7282
32.1226
55.4496
82.7092
114.27
150.868
193.608
243.965
303.779
375.26
460.987
563.906
32.537
-9.11786
-34.6855
-47.1125
-48.9771
-42.4893
-29.4906
-11.4544
10.5144
35.6792
63.6716
94.4917
128.508
166.456
209.442
258.939
316.789
385.201
466.753
564.393
32.537
-9.11786
-34.6855
-47.1125
-48.9771
-42.4893
-29.4906
-11.4544
10.5144
35.6792
63.6716
94.4917
128.508
166.456
209.442
258.939
316.789
385.201
466.753
564.393
120.692
64.4275
25.3547
0.527556
-12.6323
-16.3347
-12.4212
-2.3653
12.7282
32.1226
55.4496
82.7092
114.27
150.868
193.608
243.965
303.779
375.26
460.987
563.906
298.845
213.36
147.277
97.6493
61.8991
37.8163
23.5591
17.6545
18.9973
26.851
40.8472
60.986
87.6355
121.533
163.782
215.857
279.6
357.22
451.295
564.773
570.677
441.362
334.764
247.936
178.3
123.647
82.1337
52.2882
33.0051
23.5476
23.5476
33.0051
52.2882
82.1337
123.647
178.3
247.936
334.764
441.362
570.677
941.715
753.959
593.341
456.912
342.096
246.681
168.827
107.061
60.2762
27.7373
9.07568
4.29134
13.7526
38.1961
78.7268
136.818
214.311
313.416
436.712
587.144
1419.32
1158.52
930.374
731.945
560.652
414.287
291.006
189.338
108.177
46.7864
4.79778
-17.7888
-20.6049
-2.91395
36.389
98.7773
186.092
300.544
444.712
621.54
2012.71
1664.25
1355.07
1082.24
843.178
635.671
457.879
308.329
185.916
89.903
19.922
-24.0272
-41.5762
-31.9883
5.84136
73.3861
172.488
305.356
474.569
683.073
2732.93
2282.19
1878.48
1518.85
1200.72
921.883
680.495
475.083
304.542
168.137
65.4979
-3.37435
-38.1117
-37.9774
-1.86653
71.6941
184.546
338.9
537.333
782.792
3592.87
3025.25
2513.5
2054.67
1646.18
1285.82
971.745
702.49
476.947
294.379
154.417
57.061
2.67993
-7.98987
26.1566
106.593
235.16
414.068
645.896
933.589
4607.26
3908.15
3274.85
2704.42
2194.27
1742.2
1346.36
1005.29
717.864
483.362
301.412
172.012
95.5314
72.707
104.644
192.814
339.061
545.593
814.99
1150.2
4644.45
3961.18
3340.4
2779.18
2274.92
1825.43
1428.85
1083.73
788.938
543.755
347.809
201.098
103.991
57.226
61.9068
119.507
231.868
401.2
630.081
921.457
3620.11
3068.33
2569.1
2119.48
1716.88
1359.1
1044.29
770.987
538.077
344.827
190.869
76.2022
1.19514
-33.4156
-26.5249
23.3405
118.022
259.73
451.042
694.905
2751.34
2316.44
1925.25
1574.82
1262.59
986.328
744.203
534.739
356.832
209.746
93.1105
6.92714
-48.4362
-72.2428
-63.3877
-20.3977
58.5689
175.722
333.64
535.269
2023.38
1690.75
1394.1
1130.48
897.309
692.381
513.852
360.251
230.471
123.777
39.7998
-21.4605
-59.6354
-73.9884
-63.4146
-26.4405
38.7754
134.443
263.141
427.815
1423.36
1178.4
962.775
773.553
608.154
464.367
340.35
234.63
146.103
74.0307
18.0458
-21.8518
-45.2939
-51.5439
-39.4967
-7.6791
45.7505
123.002
226.654
359.652
940.23
768.312
620.217
492.996
384.073
291.237
212.646
146.828
92.6769
49.4567
16.7989
-5.29653
-16.4613
-15.9587
-2.68375
24.8368
68.4445
130.349
213.13
319.732
564.773
451.295
357.22
279.6
215.857
163.782
121.533
87.6355
60.986
40.8472
26.851
18.9973
17.6545
23.5591
37.8163
61.8991
97.6493
147.277
213.36
298.845
289.625
219.978
166.418
125.999
96.1415
74.6369
59.6431
49.6869
43.6634
40.8357
40.8357
43.6634
49.6869
59.6431
74.6369
96.1415
125.999
166.418
219.978
289.625
109.263
68.8358
42.286
26.6669
19.4002
18.276
21.4528
27.4572
35.1843
43.8974
53.2282
63.1767
74.1112
86.7685
102.253
122.039
147.967
182.248
227.46
286.548
20.0025
-5.81448
-18.8592
-22.0782
-18.0496
-8.98357
3.27846
17.2632
31.8656
46.349
60.3452
73.8542
87.2442
101.252
116.982
135.909
159.873
191.084
232.121
285.931
20.0025
-5.81448
-18.8592
-22.0782
-18.0496
-8.98357
3.27846
17.2632
31.8656
46.349
60.3452
73.8542
87.2442
101.252
116.982
135.909
159.873
191.084
232.121
285.931
109.263
68.8358
42.286
26.6669
19.4002
18.276
21.4528
27.4572
35.1843
43.8974
53.2282
63.1767
74.1112
86.7685
102.253
122.039
147.967
182.248
227.46
286.548
289.625
219.978
166.418
125.999
96.1415
74.6369
59.6431
49.6869
43.6634
40.8357
40.8357
43.6634
49.6869
59.6431
74.6369
96.1415
125.999
166.418
219.978
289.625
564.773
451.295
357.22
279.6
215.857
163.782
121.533
87.6355
60.986
40.8472
26.851
18.9973
17.6545
23.5591
37.8163
61.8991
97.6493
147.277
213.36
298.845
940.23
768.312
620.217
492.996
384.073
291.237
212.646
146.828
92.6769
49.4567
16.7989
-5.29653
-16.4613
-15.9587
-2.68375
24.8368
68.4445
130.349
213.13
319.732
1423.36
1178.4
962.775
773.553
608.154
464.367
340.35
234.63
146.103
74.0307
18.0458
-21.8518
-45.2939
-51.5439
-39.4967
-7.6791
45.7505
123.002
226.654
359.652
2023.38
1690.75
1394.1
1130.48
897.309
692.381
513.852
360.251
230.471
123.777
39.7998
-21.4605
-59.6354
-73.9884
-63.4146
-26.4405
38.7754
134.443
263.141
427.815
2751.34
2316.44
1925.25
1574.82
1262.59
986.328
744.203
534.739
356.832
209.746
93.1105
6.92714
-48.4362
-72.2428
-63.3877
-20.3977
58.5689
175.722
333.64
535.269
3620.11
3068.33
2569.1
2119.48
1716.88
1359.1
1044.29
770.987
538.077
344.827
190.869
76.2022
1.19514
-33.4156
-26.5249
23.3405
118.022
259.73
451.042
694.905
4644.45
3961.18
3340.4
2779.18
2274.92
1825.43
1428.85
1083.73
788.938
543.755
347.809
201.098
103.991
57.226
61.9068
119.507
231.868
401.2
630.081
921.457
4672.31
3999.6
3387.17
2832.09
2331.76
1883.98
1486.92
1139.09
839.391
587.087
381.809
223.558
112.701
49.9747
36.4849
73.7046
163.475
308.007
509.878
772.034
3641.35
3100.12
2609.24
2165.76
1767.09
1411.03
1095.73
819.72
581.9
381.529
218.24
92.0324
3.27462
-47.2967
-58.5765
-29.0916
42.9996
159.907
324.209
538.852
2766.67
2342.33
1959.49
1615.21
1306.9
1032.36
789.744
577.58
394.762
240.554
114.588
16.8641
-52.2498
-92.017
-101.332
-78.7229
-22.3467
70.006
200.914
373.322
2033.57
1711.5
1423.19
1165.71
936.467
733.257
554.237
397.935
263.244
149.429
56.1211
-16.68
-68.6056
-98.9192
-106.516
-89.9222
-47.2967
23.5707
125.258
260.712
1429.13
1194.72
987.444
804.362
642.891
500.823
376.315
267.894
174.456
95.2629
29.9472
-21.4912
-58.6839
-80.8945
-87.0178
-75.5807
-44.7414
7.70982
84.3513
188.13
942.31
780.951
641.203
520.121
415.127
324.01
244.928
176.409
117.347
67.0057
25.0171
-8.61909
-33.5345
-48.9925
-53.8881
-46.748
-25.7307
11.3739
67.1438
144.526
563.906
460.987
375.26
303.779
243.965
193.608
150.868
114.27
82.7092
55.4496
32.1226
12.7282
-2.3653
-12.4212
-16.3347
-12.6323
0.527556
25.3547
64.4275
120.692
286.548
227.46
182.248
147.967
122.039
102.253
86.7685
74.1112
63.1767
53.2282
43.8974
35.1843
27.4572
21.4528
18.276
19.4002
26.6669
42.286
68.8358
109.263
104.713
74.8441
56.6428
47.1624
43.8245
44.4192
47.1049
50.4082
53.2244
54.8166
54.8166
53.2244
50.4082
47.1049
44.4192
43.8245
47.1624
56.6428
74.8441
104.713
14.7156
-0.542878
-5.23897
-2.31926
5.63801
16.4229
28.1939
39.4775
49.169
56.5316
61.197
63.1652
62.8045
60.8517
58.4115
56.9574
58.331
64.7421
78.769
103.358
14.7156
-0.542878
-5.23897
-2.31926
5.63801
16.4229
28.1939
39.4775
49.169
56.5316
61.197
63.1652
62.8045
60.8517
58.4115
56.9574
58.331
64.7421
78.769
103.358
104.713
74.8441
56.6428
47.1624
43.8245
44.4192
47.1049
50.4082
53.2244
54.8166
54.8166
53.2244
50.4082
47.1049
44.4192
43.8245
47.1624
56.6428
74.8441
104.713
286.548
227.46
182.248
147.967
122.039
102.253
86.7685
74.1112
63.1767
53.2282
43.8974
35.1843
27.4572
21.4528
18.276
19.4002
26.6669
42.286
68.8358
109.263
563.906
460.987
375.26
303.779
243.965
193.608
150.868
114.27
82.7092
55.4496
32.1226
12.7282
-2.3653
-12.4212
-16.3347
-12.6323
0.527556
25.3547
64.4275
120.692
942.31
780.951
641.203
520.121
415.127
324.01
244.928
176.409
117.347
67.0057
25.0171
-8.61909
-33.5345
-48.9925
-53.8881
-46.748
-25.7307
11.3739
67.1438
144.526
1429.13
1194.72
987.444
804.362
642.891
500.823
376.315
267.894
174.456
95.2629
29.9472
-21.4912
-58.6839
-80.8945
-87.0178
-75.5807
-44.7414
7.70982
84.3513
188.13
2033.57
1711.5
1423.19
1165.71
936.467
733.257
554.237
397.935
263.244
149.429
56.1211
-16.68
-68.6056
-98.9192
-106.516
-89.9222
-47.2967
23.5707
125.258
260.712
2766.67
2342.33
1959.49
1615.21
1306.9
1032.36
789.744
577.58
394.762
240.554
114.588
16.8641
-52.2498
-92.017
-101.332
-78.7229
-22.3467
70.006
200.914
373.322
3641.35
3100.12
2609.24
2165.76
1767.09
1411.03
1095.73
819.72
581.9
381.529
218.24
92.0324
3.27462
-47.2967
-58.5765
-29.0916
42.9996
159.907
324.209
538.852
4672.31
3999.6
3387.17
2832.09
2331.76
1883.98
1486.92
1139.09
839.391
587.087
381.809
223.558
112.701
49.9747
36.4849
73.7046
163.475
308.007
509.878
772.034
4687.16
4019.73
3411.48
2859.46
2361.1
1914.18
1516.87
1167.69
865.538
609.673
399.73
235.708
117.976
47.2698
24.6948
51.7242
130.2
262.331
450.697
698.243
3652.88
3116.94
2630.23
2189.82
1793.11
1437.91
1122.37
845.008
604.732
400.801
232.846
100.868
5.23516
-53.3164
-73.6815
-54.3868
6.40919
110.917
261.713
461.746
2775.26
2356.2
1977.54
1636.32
1329.98
1056.3
813.436
599.921
414.647
256.879
126.248
22.7534
-53.2358
-100.983
-119.384
-106.965
-61.8837
18.0689
135.471
293.27
2039.58
1722.79
1438.66
1184.24
956.966
754.616
575.35
417.697
280.551
163.176
65.2025
-13.3689
-72.1699
-110.464
-127.146
-120.742
-89.4119
-30.9447
57.2375
178.081
1432.93
1203.8
1000.7
820.687
661.181
519.972
395.218
285.447
189.553
106.8
36.8187
-20.39
-64.4581
-94.649
-109.858
-108.611
-89.0666
-49.0155
14.1209
103.289
944.27
788.19
652.617
534.605
431.575
341.317
261.99
192.12
130.603
76.701
30.047
-9.35957
-41.1503
-64.5886
-78.5694
-81.6196
-71.8975
-47.1931
-4.9282
57.8437
564.393
466.753
385.201
316.789
258.939
209.442
166.456
128.508
94.4917
63.6716
35.6792
10.5144
-11.4544
-29.4906
-42.4893
-48.9771
-47.1125
-34.6855
-9.11786
32.537
285.931
232.121
191.084
159.873
135.909
116.982
101.252
87.2442
73.8542
60.3452
46.349
31.8656
17.2632
3.27846
-8.98357
-18.0496
-22.0782
-18.8592
-5.81448
20.0025
103.358
78.769
64.7421
58.331
56.9574
58.4115
60.8517
62.8045
63.1652
61.197
56.5316
49.169
39.4775
28.1939
16.4229
5.63801
-2.31926
-5.23897
-0.542878
14.7156
12.9929
3.01372
2.49194
8.48099
18.4026
30.047
41.5724
51.5055
58.7415
62.5437
62.5437
58.7415
51.5055
41.5724
30.047
18.4026
8.48099
2.49194
3.01372
12.9929
12.9929
3.01372
2.49194
8.48099
18.4026
30.047
41.5724
51.5055
58.7415
62.5437
62.5437
58.7415
51.5055
41.5724
30.047
18.4026
8.48099
2.49194
3.01372
12.9929
103.358
78.769
64.7421
58.331
56.9574
58.4115
60.8517
62.8045
63.1652
61.197
56.5316
49.169
39.4775
28.1939
16.4229
5.63801
-2.31926
-5.23897
-0.542878
14.7156
285.931
232.121
191.084
159.873
135.909
116.982
101.252
87.2442
73.8542
60.3452
46.349
31.8656
17.2632
3.27846
-8.98357
-18.0496
-22.0782
-18.8592
-5.81448
20.0025
564.393
466.753
385.201
316.789
258.939
209.442
166.456
128.508
94.4917
63.6716
35.6792
10.5144
-11.4544
-29.4906
-42.4893
-48.9771
-47.1125
-34.6855
-9.11786
32.537
944.27
788.19
652.617
534.605
431.575
341.317
261.99
192.12
130.603
76.701
30.047
-9.35957
-41.1503
-64.5886
-78.5694
-81.6196
-71.8975
-47.1931
-4.9282
57.8437
1432.93
1203.8
1000.7
820.687
661.181
519.972
395.218
285.447
189.553
106.8
36.8187
-20.39
-64.4581
-94.649
-109.858
-108.611
-89.0666
-49.0155
14.1209
103.289
2039.58
1722.79
1438.66
1184.24
956.966
754.616
575.35
417.697
280.551
163.176
65.2025
-13.3689
-72.1699
-110.464
-127.146
-120.742
-89.4119
-30.9447
57.2375
178.081
2775.26
2356.2
1977.54
1636.32
1329.98
1056.3
813.436
599.921
414.647
256.879
126.248
22.7534
-53.2358
-100.983
-119.384
-106.965
-61.8837
18.0689
135.471
293.27
3652.88
3116.94
2630.23
2189.82
1793.11
1437.91
1122.37
845.008
604.732
400.801
232.846
100.868
5.23516
-53.3164
-73.6815
-54.3868
6.40919
110.917
261.713
461.746
4687.16
4019.73
3411.48
2859.46
2361.1
1914.18
1516.87
1167.69
865.538
609.673
399.73
235.708
117.976
47.2698
24.6948
51.7242
130.2
262.331
450.697
698.243
4687.16
4019.73
3411.48
2859.46
2361.1
1914.18
1516.87
1167.69
865.538
609.673
399.73
235.708
117.976
47.2698
24.6948
51.7242
130.2
262.331
450.697
698.243
3652.88
3116.94
2630.23
2189.82
1793.11
1437.91
1122.37
845.008
604.732
400.801
232.846
100.868
5.23516
-53.3164
-73.6815
-54.3868
6.40919
110.917
261.713
461.746
2775.26
2356.2
1977.54
1636.32
1329.98
1056.3
813.436
599.921
414.647
256.879
126.248
22.7534
-53.2358
-100.983
-119.384
-106.965
-61.8837
18.0689
135.471
293.27
2039.58
1722.79
1438.66
1184.24
956.966
754.616
575.35
417.697
280.551
163.176
65.2025
-13.3689
-72.1699
-110.464
-127.146
-120.742
-89.4119
-30.9447
57.2375
178.081
1432.93
1203.8
1000.7
820.687
661.181
519.972
395.218
285.447
189.553
106.8
36.8187
-20.39
-64.4581
-94.649
-109.858
-108.611
-89.0666
-49.0155
14.1209
103.289
944.27
788.19
652.617
534.605
431.575
341.317
261.99
192.12
130.603
76.701
30.047
-9.35957
-41.1503
-64.5886
-78.5694
-81.6196
-71.8975
-47.1931
-4.9282
57.8437
564.393
466.753
385.201
316.789
258.939
209.442
166.456
128.508
94.4917
63.6716
35.6792
10.5144
-11.4544
-29.4906
-42.4893
-48.9771
-47.1125
-34.6855
-9.11786
32.537
285.931
232.121
191.084
159.873
135.909
116.982
101.252
87.2442
73.8542
60.3452
46.349
31.8656
17.2632
3.27846
-8.98357
-18.0496
-22.0782
-18.8592
-5.81448
20.0025
103.358
78.769
64.7421
58.331
56.9574
58.4115
60.8517
62.8045
63.1652
61.197
56.5316
49.169
39.4775
28.1939
16.4229
5.63801
-2.31926
-5.23897
-0.542878
14.7156
12.9929
3.01372
2.49194
8.48099
18.4026
30.047
41.5724
51.5055
58.7415
62.5437
62.5437
58.7415
51.5055
41.5724
30.047
18.4026
8.48099
2.49194
3.01372
12.9929
12.9929
3.01372
2.49194
8.48099
18.4026
30.047
41.5724
51.5055
58.7415
62.5437
62.5437
58.7415
51.5055
41.5724
30.047
18.4026
8.48099
2.49194
3.01372
12.9929
103.358
78.769
64.7421
58.331
56.9574
58.4115
60.8517
62.8045
63.1652
61.197
56.5316
49.169
39.4775
28.1939
16.4229
5.63801
-2.31926
-5.23897
-0.542878
14.7156
285.931
232.121
191.084
159.873
135.909
116.982
101.252
87.2442
73.8542
60.3452
46.349
31.8656
17.2632
3.27846
-8.98357
-18.0496
-22.0782
-18.8592
-5.81448
20.0025
564.393
466.753
385.201
316.789
258.939
209.442
166.456
128.508
94.4917
63.6716
35.6792
10.5144
-11.4544
-29.4906
-42.4893
-48.9771
-47.1125
-34.6855
-9.11786
32.537
944.27
788.19
652.617
534.605
431.575
341.317
261.99
192.12
130.603
76.701
30.047
-9.35957
-41.1503
-64.5886
-78.5694
-81.6196
-71.8975
-47.1931
-4.9282
57.8437
1432.93
1203.8
1000.7
820.687
661.181
519.972
395.218
285.447
189.553
106.8
36.8187
-20.39
-64.4581
-94.649
-109.858
-108.611
-89.0666
-49.0155
14.1209
103.289
2039.58
1722.79
1438.66
1184.24
956.966
754.616
575.35
417.697
280.551
163.176
65.2025
-13.3689
-72.1699
-110.464
-127.146
-120.742
-89.4119
-30.9447
57.2375
178.081
2775.26
2356.2
1977.54
1636.32
1329.98
1056.3
813.436
599.921
414.647
256.879
126.248
22.7534
-53.2358
-100.983
-119.384
-106.965
-61.8837
18.0689
135.471
293.27
3652.88
3116.94
2630.23
2189.82
1793.11
1437.91
1122.37
845.008
604.732
400.801
232.846
100.868
5.23516
-53.3164
-73.6815
-54.3868
6.40919
110.917
261.713
461.746
4687.16
4019.73
3411.48
2859.46
2361.1
1914.18
1516.87
1167.69
865.538
609.673
399.73
235.708
117.976
47.2698
24.6948
51.7242
130.2
262.331
450.697
698.243
4672.31
3999.6
3387.17
2832.09
2331.76
1883.98
1486.92
1139.09
839.391
587.087
381.809
223.558
112.701
49.9747
36.4849
73.7046
163.475
308.007
509.878
772.034
3641.35
3100.12
2609.24
2165.76
1767.09
1411.03
1095.73
819.72
581.9
381.529
218.24
92.0324
3.27462
-47.2967
-58.5765
-29.0916
42.9996
159.907
324.209
538.852
2766.67
2342.33
1959.49
1615.21
1306.9
1032.36
789.744
577.58
394.762
240.554
114.588
16.8641
-52.2498
-92.017
-101.332
-78.7229
-22.3467
70.006
200.914
373.322
2033.57
1711.5
1423.19
1165.71
936.467
733.257
554.237
397.935
263.244
149.429
56.1211
-16.68
-68.6056
-98.9192
-106.516
-89.9222
-47.2967
23.5707
125.258
260.712
1429.13
1194.72
987.444
804.362
642.891
500.823
376.315
267.894
174.456
95.2629
29.9472
-21.4912
-58.6839
-80.8945
-87.0178
-75.5807
-44.7414
7.70982
84.3513
188.13
942.31
780.951
641.203
520.121
415.127
324.01
244.928
176.409
117.347
67.0057
25.0171
-8.61909
-33.5345
-48.9925
-53.8881
-46.748
-25.7307
11.3739
67.1438
144.526
563.906
460.987
375.26
303.779
243.965
193.608
150.868
114.27
82.7092
55.4496
32.1226
12.7282
-2.3653
-12.4212
-16.3347
-12.6323
0.527556
25.3547
64.4275
120.692
286.548
227.46
182.248
147.967
122.039
102.253
86.7685
74.1112
63.1767
53.2282
43.8974
35.1843
27.4572
21.4528
18.276
19.4002
26.6669
42.286
68.8358
109.263
104.713
74.8441
56.6428
47.1624
43.8245
44.4192
47.1049
50.4082
53.2244
54.8166
54.8166
53.2244
50.4082
47.1049
44.4192
43.8245
47.1624
56.6428
74.8441
104.713
14.7156
-0.542878
-5.23897
-2.31926
5.63801
16.4229
28.1939
39.4775
49.169
56.5316
61.197
63.1652
62.8045
60.8517
58.4115
56.9574
58.331
64.7421
78.769
103.358
14.7156
-0.542878
-5.23897
-2.31926
5.63801
16.4229
28.1939
39.4775
49.169
56.5316
61.197
63.1652
62.8045
60.8517
58.4115
56.9574
58.331
64.7421
78.769
103.358
104.713
74.8441
56.6428
47.1624
43.8245
44.4192
47.1049
50.4082
53.2244
54.8166
54.8166
53.2244
50.4082
47.1049
44.4192
43.8245
47.1624
56.6428
74.8441
104.713
286.548
227.46
182.248
147.967
122.039
102.253
86.7685
74.1112
63.1767
53.2282
43.8974
35.1843
27.4572
21.4528
18.276
19.4002
26.6669
42.286
68.8358
109.263
563.906
460.987
375.26
303.779
243.965
193.608
150.868
114.27
82.7092
55.4496
32.1226
12.7282
-2.3653
-12.4212
-16.3347
-12.6323
0.527556
25.3547
64.4275
120.692
942.31
780.951
641.203
520.121
415.127
324.01
244.928
176.409
117.347
67.0057
25.0171
-8.61909
-33.5345
-48.9925
-53.8881
-46.748
-25.7307
11.3739
67.1438
144.526
1429.13
1194.72
987.444
804.362
642.891
500.823
376.315
267.894
174.456
95.2629
29.9472
-21.4912
-58.6839
-80.8945
-87.0178
-75.5807
-44.7414
7.70982
84.3513
188.13
2033.57
1711.5
1423.19
1165.71
936.467
733.257
554.237
397.935
263.244
149.429
56.1211
-16.68
-68.6056
-98.9192
-106.516
-89.9222
-47.2967
23.5707
125.258
260.712
2766.67
2342.33
1959.49
1615.21
1306.9
1032.36
789.744
577.58
394.762
240.554
114.588
16.8641
-52.2498
-92.017
-101.332
-78.7229
-22.3467
70.006
200.914
373.322
3641.35
3100.12
2609.24
2165.76
1767.09
1411.03
1095.73
819.72
581.9
381.529
218.24
92.0324
3.27462
-47.2967
-58.5765
-29.0916
42.9996
159.907
324.209
538.852
4672.31
3999.6
3387.17
2832.09
2331.76
1883.98
1486.92
1139.09
839.391
587.087
381.809
223.558
112.701
49.9747
36.4849
73.7046
163.475
308.007
509.878
772.034
4644.45
3961.18
3340.4
2779.18
2274.92
1825.43
1428.85
1083.73
788.938
543.755
347.809
201.098
103.991
57.226
61.9068
119.507
231.868
401.2
630.081
921.457
3620.11
3068.33
2569.1
2119.48
1716.88
1359.1
1044.29
770.987
538.077
344.827
190.869
76.2022
1.19514
-33.4156
-26.5249
23.3405
118.022
259.73
451.042
694.905
2751.34
2316.44
1925.25
1574.82
1262.59
986.328
744.203
534.739
356.832
209.746
93.1105
6.92714
-48.4362
-72.2428
-63.3877
-20.3977
58.5689
175.722
333.64
535.269
2023.38
1690.75
1394.1
1130.48
897.309
692.381
513.852
360.251
230.471
123.777
39.7998
-21.4605
-59.6354
-73.9884
-63.4146
-26.4405
38.7754
134.443
263.141
427.815
1423.36
1178.4
962.775
773.553
608.154
464.367
340.35
234.63
146.103
74.0307
18.0458
-21.8518
-45.2939
-51.5439
-39.4967
-7.6791
45.7505
123.002
226.654
359.652
940.23
768.312
620.217
492.996
384.073
291.237
212.646
146.828
92.6769
49.4567
16.7989
-5.29653
-16.4613
-15.9587
-2.68375
24.8368
68.4445
130.349
213.13
319.732
564.773
451.295
357.22
279.6
215.857
163.782
121.533
87.6355
60.986
40.8472
26.851
18.9973
17.6545
23.5591
37.8163
61.8991
97.6493
147.277
213.36
298.845
289.625
219.978
166.418
125.999
96.1415
74.6369
59.6431
49.6869
43.6634
40.8357
40.8357
43.6634
49.6869
59.6431
74.6369
96.1415
125.999
166.418
219.978
289.625
109.263
68.8358
42.286
26.6669
19.4002
18.276
21.4528
27.4572
35.1843
43.8974
53.2282
63.1767
74.1112
86.7685
102.253
122.039
147.967
182.248
227.46
286.548
20.0025
-5.81448
-18.8592
-22.0782
-18.0496
-8.98357
3.27846
17.2632
31.8656
46.349
60.3452
73.8542
87.2442
101.252
116.982
135.909
159.873
191.084
232.121
285.931
20.0025
-5.81448
-18.8592
-22.0782
-18.0496
-8.98357
3.27846
17.2632
31.8656
46.349
60.3452
73.8542
87.2442
101.252
116.982
135.909
159.873
191.084
232.121
285.931
109.263
68.8358
42.286
26.6669
19.4002
18.276
21.4528
27.4572
35.1843
43.8974
53.2282
63.1767
74.1112
86.7685
102.253
122.039
147.967
182.248
227.46
286.548
289.625
219.978
166.418
125.999
96.1415
74.6369
59.6431
49.6869
43.6634
40.8357
40.8357
43.6634
49.6869
59.6431
74.6369
96.1415
125.999
166.418
219.978
289.625
564.773
451.295
357.22
279.6
215.857
163.782
121.533
87.6355
60.986
40.8472
26.851
18.9973
17.6545
23.5591
37.8163
61.8991
97.6493
147.277
213.36
298.845
940.23
768.312
620.217
492.996
384.073
291.237
212.646
146.828
92.6769
49.4567
16.7989
-5.29653
-16.4613
-15.9587
-2.68375
24.8368
68.4445
130.349
213.13
319.732
1423.36
1178.4
962.775
773.553
608.154
464.367
340.35
234.63
146.103
74.0307
18.0458
-21.8518
-45.2939
-51.5439
-39.4967
-7.6791
45.7505
123.002
226.654
359.652
2023.38
1690.75
1394.1
1130.48
897.309
692.381
513.852
360.251
230.471
123.777
39.7998
-21.4605
-59.6354
-73.9884
-63.4146
-26.4405
38.7754
134.443
263.141
427.815
2751.34
2316.44
1925.25
1574.82
1262.59
986.328
744.203
534.739
356.832
209.746
93.1105
6.92714
-48.4362
-72.2428
-63.3877
-20.3977
58.5689
175.722
333.64
535.269
3620.11
3068.33
2569.1
2119.48
1716.88
1359.1
1044.29
770.987
538.077
344.827
190.869
76.2022
1.19514
-33.4156
-26.5249
23.3405
118.022
259.73
451.042
694.905
4644.45
3961.18
3340.4
2779.18
2274.92
1825.43
1428.85
1083.73
788.938
543.755
347.809
201.098
103.991
57.226
61.9068
119.507
231.868
401.2
630.081
921.457
4607.26
3908.15
3274.85
2704.42
2194.27
1742.2
1346.36
1005.29
717.864
483.362
301.412
172.012
95.5314
72.707
104.644
192.814
339.061
545.593
814.99
1150.2
3592.87
3025.25
2513.5
2054.67
1646.18
1285.82
971.745
702.49
476.947
294.379
154.417
57.061
2.67993
-7.98987
26.1566
106.593
235.16
414.068
645.896
933.589
2732.93
2282.19
1878.48
1518.85
1200.72
921.883
680.495
475.083
304.542
168.137
65.4979
-3.37435
-38.1117
-37.9774
-1.86653
71.6941
184.546
338.9
537.333
782.792
2012.71
1664.25
1355.07
1082.24
843.178
635.671
457.879
308.329
185.916
89.903
19.922
-24.0272
-41.5762
-31.9883
5.84136
73.3861
172.488
305.356
474.569
683.073
1419.32
1158.52
930.374
731.945
560.652
414.287
291.006
189.338
108.177
46.7864
4.79778
-17.7888
-20.6049
-2.91395
36.389
98.7773
186.092
300.544
444.712
621.54
941.715
753.959
593.341
456.912
342.096
246.681
168.827
107.061
60.2762
27.7373
9.07568
4.29134
13.7526
38.1961
78.7268
136.818
214.311
313.416
436.712
587.144
570.677
441.362
334.764
247.936
178.3
123.647
82.1337
52.2882
33.0051
23.5476
23.5476
33.0051
52.2882
82.1337
123.647
178.3
247.936
334.764
441.362
570.677
298.845
213.36
147.277
97.6493
61.8991
37.8163
23.5591
17.6545
18.9973
26.851
40.8472
60.986
87.6355
121.533
163.782
215.857
279.6
357.22
451.295
564.773
120.692
64.4275
25.3547
0.527556
-12.6323
-16.3347
-12.4212
-2.3653
12.7282
32.1226
55.4496
82.7092
114.27
150.868
193.608
243.965
303.779
375.26
460.987
563.906
32.537
-9.11786
-34.6855
-47.1125
-48.9771
-42.4893
-29.4906
-11.4544
10.5144
35.6792
63.6716
94.4917
128.508
166.456
209.442
258.939
316.789
385.201
466.753
564.393
32.537
-9.11786
-34.6855
-47.1125
-48.9771
-42.4893
-29.4906
-11.4544
10.5144
35.6792
63.6716
94.4917
128.508
166.456
209.442
258.939
316.789
385.201
466.753
564.393
120.692
64.4275
25.3547
0.527556
-12.6323
-16.3347
-12.4212
-2.3653
12.7282
32.1226
55.4496
82.7092
114.27
150.868
193.608
243.965
303.779
375.26
460.987
563.906
298.845
213.36
147.277
97.6493
61.8991
37.8163
23.5591
17.6545
18.9973
26.851
40.8472
60.986
87.6355
121.533
163.782
215.857
279.6
357.22
451.295
564.773
570.677
441.362
334.764
247.936
178.3
123.647
82.1337
52.2882
33.0051
23.5476
23.5476
33.0051
52.2882
82.1337
123.647
178.3
247.936
334.764
441.362
570.677
941.715
753.959
593.341
456.912
342.096
246.681
168.827
107.061
60.2762
27.7373
9.07568
4.29134
13.7526
38.1961
78.7268
136.818
214.311
313.416
436.712
587.144
1419.32
1158.52
930.374
731.945
560.652
414.287
291.006
189.338
108.177
46.7864
4.79778
-17.7888
-20.6049
-2.91395
36.389
98.7773
186.092
300.544
444.712
621.54
2012.71
1664.25
1355.07
1082.24
843.178
635.671
457.879
308.329
185.916
89.903
19.922
-24.0272
-41.5762
-31.9883
5.84136
73.3861
172.488
305.356
474.569
683.073
2732.93
2282.19
1878.48
1518.85
1200.72
921.883
680.495
475.083
304.542
168.137
65.4979
-3.37435
-38.1117
-37.9774
-1.86653
71.6941
184.546
338.9
537.333
782.792
3592.87
3025.25
2513.5
2054.67
1646.18
1285.82
971.745
702.49
476.947
294.379
154.417
57.061
2.67993
-7.98987
26.1566
106.593
235.16
414.068
645.896
933.589
4607.26
3908.15
3274.85
2704.42
2194.27
1742.2
1346.36
1005.29
717.864
483.362
301.412
172.012
95.5314
72.707
104.644
192.814
339.061
545.593
814.99
1150.2
4566.27
3846.04
3196.05
2613.34
2095.33
1639.82
1244.97
909.291
631.692
411.432
248.143
141.825
92.8458
101.943
170.22
299.152
490.579
746.712
1070.13
1463.78
3565.14
2976.4
2447.95
1976.84
1560.49
1196.7
883.609
619.756
404.035
235.708
114.408
40.1336
13.2538
34.5052
104.993
226.19
399.937
628.446
914.294
1260.43
2716.99
2245.13
1824.72
1452.81
1126.83
844.551
604.145
404.135
243.416
121.253
37.2753
-8.5155
-15.7515
16.304
88.7559
203.077
361.11
565.064
817.518
1121.42
2007.08
1637.5
1311.62
1026.52
779.596
568.652
391.842
247.694
135.103
53.3318
2.01235
-18.8554
-8.903
32.606
106.777
215.082
359.365
541.833
765.067
1032.01
1422.53
1140.61
895.767
685.06
505.91
356.107
233.809
137.543
66.2038
19.0549
-4.27213
-3.7772
20.908
70.5201
146.164
249.313
381.809
545.862
744.049
979.318
952.289
743.416
566.1
417.394
294.72
195.868
118.997
62.6319
25.6693
7.37219
7.37219
25.6693
62.6319
118.997
195.868
294.72
417.394
566.1
743.416
952.289
587.144
436.712
313.416
214.311
136.818
78.7268
38.1961
13.7526
4.29134
9.07568
27.7373
60.2762
107.061
168.827
246.681
342.096
456.912
593.341
753.959
941.715
319.732
213.13
130.349
68.4445
24.8368
-2.68375
-15.9587
-16.4613
-5.29653
16.7989
49.4567
92.6769
146.828
212.646
291.237
384.073
492.996
620.217
768.312
940.23
144.526
67.1438
11.3739
-25.7307
-46.748
-53.8881
-48.9925
-33.5345
-8.61909
25.0171
67.0057
117.347
176.409
244.928
324.01
415.127
520.121
641.203
780.951
942.31
57.8437
-4.9282
-47.1931
-71.8975
-81.6196
-78.5694
-64.5886
-41.1503
-9.35957
30.047
76.701
130.603
192.12
261.99
341.317
431.575
534.605
652.617
788.19
944.27
57.8437
-4.9282
-47.1931
-71.8975
-81.6196
-78.5694
-64.5886
-41.1503
-9.35957
30.047
76.701
130.603
192.12
261.99
341.317
431.575
534.605
652.617
788.19
944.27
144.526
67.1438
11.3739
-25.7307
-46.748
-53.8881
-48.9925
-33.5345
-8.61909
25.0171
67.0057
117.347
176.409
244.928
324.01
415.127
520.121
641.203
780.951
942.31
319.732
213.13
130.349
68.4445
24.8368
-2.68375
-15.9587
-16.4613
-5.29653
16.7989
49.4567
92.6769
146.828
212.646
291.237
384.073
492.996
620.217
768.312
940.23
587.144
436.712
313.416
214.311
136.818
78.7268
38.1961
13.7526
4.29134
9.07568
27.7373
60.2762
107.061
168.827
246.681
342.096
456.912
593.341
753.959
941.715
952.289
743.416
566.1
417.394
294.72
195.868
118.997
62.6319
25.6693
7.37219
7.37219
25.6693
62.6319
118.997
195.868
294.72
417.394
566.1
743.416
952.289
1422.53
1140.61
895.767
685.06
505.91
356.107
233.809
137.543
66.2038
19.0549
-4.27213
-3.7772
20.908
70.5201
146.164
249.313
381.809
545.862
744.049
979.318
2007.08
1637.5
1311.62
1026.52
779.596
568.652
391.842
247.694
135.103
53.3318
2.01235
-18.8554
-8.903
32.606
106.777
215.082
359.365
541.833
765.067
1032.01
2716.99
2245.13
1824.72
1452.81
1126.83
844.551
604.145
404.135
243.416
121.253
37.2753
-8.5155
-15.7515
16.304
88.7559
203.077
361.11
565.064
817.518
1121.42
3565.14
2976.4
2447.95
1976.84
1560.49
1196.7
883.609
619.756
404.035
235.708
114.408
40.1336
13.2538
34.5052
104.993
226.19
399.937
628.446
914.294
1260.43
4566.27
3846.04
3196.05
2613.34
2095.33
1639.82
1244.97
909.291
631.692
411.432
248.143
141.825
92.8458
101.943
170.22
299.152
490.579
746.712
1070.13
1463.78
4528.84
3782.22
3111.35
2513.3
1985.47
1525.66
1132.03
803.111
537.789
335.332
195.37
117.903
103.301
152.299
266.003
445.886
693.789
1011.92
1402.86
1869.56
3544.28
2929.15
2379.83
1893.38
1467.21
1099.11
787.25
530.151
326.707
176.182
78.2088
32.7864
40.2832
101.436
217.35
389.498
619.722
910.231
1263.6
1682.79
2710.87
2212.62
1771.34
1384.08
1048.27
761.698
522.519
329.262
180.821
76.4593
15.8091
-1.12989
26.0108
97.9677
215.846
381.119
595.627
861.582
1181.56
1558.51
2013.85
1617.87
1271.13
970.674
713.931
498.69
323.108
185.713
85.3988
21.4298
-6.56263
1.4215
45.7505
127.161
246.758
406.015
606.773
851.242
1142
1482
1440.35
1132.03
866.32
640.267
451.295
297.195
176.125
86.6111
27.5493
-1.79747
-1.79747
27.5493
86.6111
176.125
297.195
451.295
640.267
866.32
1132.03
1440.35
979.318
744.049
545.862
381.809
249.313
146.164
70.5201
20.908
-3.7772
-4.27213
19.0549
66.2038
137.543
233.809
356.107
505.91
685.06
895.767
1140.61
1422.53
621.54
444.712
300.544
186.092
98.7773
36.389
-2.91395
-20.6049
-17.7888
4.79778
46.7864
108.177
189.338
291.006
414.287
560.652
731.945
930.374
1158.52
1419.32
359.652
226.654
123.002
45.7505
-7.6791
-39.4967
-51.5439
-45.2939
-21.8518
18.0458
74.0307
146.103
234.63
340.35
464.367
608.154
773.553
962.775
1178.4
1423.36
188.13
84.3513
7.70982
-44.7414
-75.5807
-87.0178
-80.8945
-58.6839
-21.4912
29.9472
95.2629
174.456
267.894
376.315
500.823
642.891
804.362
987.444
1194.72
1429.13
103.289
14.1209
-49.0155
-89.0666
-108.611
-109.858
-94.649
-64.4581
-20.39
36.8187
106.8
189.553
285.447
395.218
519.972
661.181
820.687
1000.7
1203.8
1432.93
103.289
14.1209
-49.0155
-89.0666
-108.611
-109.858
-94.649
-64.4581
-20.39
36.8187
106.8
189.553
285.447
395.218
519.972
661.181
820.687
1000.7
1203.8
1432.93
188.13
84.3513
7.70982
-44.7414
-75.5807
-87.0178
-80.8945
-58.6839
-21.4912
29.9472
95.2629
174.456
267.894
376.315
500.823
642.891
804.362
987.444
1194.72
1429.13
359.652
226.654
123.002
45.7505
-7.6791
-39.4967
-51.5439
-45.2939
-21.8518
18.0458
74.0307
146.103
234.63
340.35
464.367
608.154
773.553
962.775
1178.4
1423.36
621.54
444.712
300.544
186.092
98.7773
36.389
-2.91395
-20.6049
-17.7888
4.79778
46.7864
108.177
189.338
291.006
414.287
560.652
731.945
930.374
1158.52
1419.32
979.318
744.049
545.862
381.809
249.313
146.164
70.5201
20.908
-3.7772
-4.27213
19.0549
66.2038
137.543
233.809
356.107
505.91
685.06
895.767
1140.61
1422.53
1440.35
1132.03
866.32
640.267
451.295
297.195
176.125
86.6111
27.5493
-1.79747
-1.79747
27.5493
86.6111
176.125
297.195
451.295
640.267
866.32
1132.03
1440.35
2013.85
1617.87
1271.13
970.674
713.931
498.69
323.108
185.713
85.3988
21.4298
-6.56263
1.4215
45.7505
127.161
246.758
406.015
606.773
851.242
1142
1482
2710.87
2212.62
1771.34
1384.08
1048.27
761.698
522.519
329.262
180.821
76.4593
15.8091
-1.12989
26.0108
97.9677
215.846
381.119
595.627
861.582
1181.56
1558.51
3544.28
2929.15
2379.83
1893.38
1467.21
1099.11
787.25
530.151
326.707
176.182
78.2088
32.7864
40.2832
101.436
217.35
389.498
619.722
910.231
1263.6
1682.79
4528.84
3782.22
3111.35
2513.3
1985.47
1525.66
1132.03
803.111
537.789
335.332
195.37
117.903
103.301
152.299
266.003
445.886
693.789
1011.92
1402.86
1869.56
4504.19
3725.89
3029.98
2413.5
1873.89
1408.93
1016.77
695.953
445.364
264.269
152.299
109.455
136.104
232.984
401.2
642.224
957.898
1350.43
1822.41
2376.76
3539.52
2892.71
2318.35
1813.47
1375.52
1002.27
691.878
442.881
254.17
125.009
55.0276
44.2273
92.9762
202.011
372.436
605.725
903.72
1268.63
1703.04
2209.88
2723.78
2193.85
1727.53
1321.86
974.262
682.532
444.827
259.672
125.964
42.9651
10.3073
27.9905
96.3832
216.222
388.612
615.026
897.306
1237.66
1638.67
2103.28
2042.24
1614.58
1242.79
923.921
655.391
434.993
260.885
131.592
46.0114
3.40507
3.40507
46.0114
131.592
260.885
434.993
655.391
923.921
1242.79
1614.58
2042.24
1482
1142
851.242
606.773
406.015
246.758
127.161
45.7505
1.4215
-6.56263
21.4298
85.3988
185.713
323.108
498.69
713.931
970.674
1271.13
1617.87
2013.85
1032.01
765.067
541.833
359.365
215.082
106.777
32.606
-8.903
-18.8554
2.01235
53.3318
135.103
247.694
391.842
568.652
779.596
1026.52
1311.62
1637.5
2007.08
683.073
474.569
305.356
172.488
73.3861
5.84136
-31.9883
-41.5762
-24.0272
19.922
89.903
185.916
308.329
457.879
635.671
843.178
1082.24
1355.07
1664.25
2012.71
427.815
263.141
134.443
38.7754
-26.4405
-63.4146
-73.9884
-59.6354
-21.4605
39.7998
123.777
230.471
360.251
513.852
692.381
897.309
1130.48
1394.1
1690.75
2023.38
260.712
125.258
23.5707
-47.2967
-89.9222
-106.516
-98.9192
-68.6056
-16.68
56.1211
149.429
263.244
397.935
554.237
733.257
936.467
1165.71
1423.19
1711.5
2033.57
178.081
57.2375
-30.9447
-89.4119
-120.742
-127.146
-110.464
-72.1699
-13.3689
65.2025
163.176
280.551
417.697
575.35
754.616
956.966
1184.24
1438.66
1722.79
2039.58
178.081
57.2375
-30.9447
-89.4119
-120.742
-127.146
-110.464
-72.1699
-13.3689
65.2025
163.176
280.551
417.697
575.35
754.616
956.966
1184.24
1438.66
1722.79
2039.58
260.712
125.258
23.5707
-47.2967
-89.9222
-106.516
-98.9192
-68.6056
-16.68
56.1211
149.429
263.244
397.935
554.237
733.257
936.467
1165.71
1423.19
1711.5
2033.57
427.815
263.141
134.443
38.7754
-26.4405
-63.4146
-73.9884
-59.6354
-21.4605
39.7998
123.777
230.471
360.251
513.852
692.381
897.309
1130.48
1394.1
1690.75
2023.38
683.073
474.569
305.356
172.488
73.3861
5.84136
-31.9883
-41.5762
-24.0272
19.922
89.903
185.916
308.329
457.879
635.671
843.178
1082.24
1355.07
1664.25
2012.71
1032.01
765.067
541.833
359.365
215.082
106.777
32.606
-8.903
-18.8554
2.01235
53.3318
135.103
247.694
391.842
568.652
779.596
1026.52
1311.62
1637.5
2007.08
1482
1142
851.242
606.773
406.015
246.758
127.161
45.7505
1.4215
-6.56263
21.4298
85.3988
185.713
323.108
498.69
713.931
970.674
1271.13
1617.87
2013.85
2042.24
1614.58
1242.79
923.921
655.391
434.993
260.885
131.592
46.0114
3.40507
3.40507
46.0114
131.592
260.885
434.993
655.391
923.921
1242.79
1614.58
2042.24
2723.78
2193.85
1727.53
1321.86
974.262
682.532
444.827
259.672
125.964
42.9651
10.3073
27.9905
96.3832
216.222
388.612
615.026
897.306
1237.66
1638.67
2103.28
3539.52
2892.71
2318.35
1813.47
1375.52
1002.27
691.878
442.881
254.17
125.009
55.0276
44.2273
92.9762
202.011
372.436
605.725
903.72
1268.63
1703.04
2209.88
4504.19
3725.89
3029.98
2413.5
1873.89
1408.93
1016.77
695.953
445.364
264.269
152.299
109.455
136.104
232.984
401.2
642.224
957.898
1350.43
1822.41
2376.76
4503.36
3688.1
2962.97
2325.01
1771.65
1300.67
910.231
598.866
365.465
209.293
129.981
127.529
202.306
355.048
586.861
899.216
1293.96
1773.29
2339.8
2996.43
3561.89
2878.13
2274.54
1748.19
1296.48
917.21
608.542
368.998
197.476
93.2371
55.9139
85.5062
182.382
347.279
581.301
885.922
1262.98
1714.69
2243.63
2852.75
2766.78
2199.9
1704.35
1277.19
915.848
618.103
382.116
206.415
89.8953
31.8195
31.8195
89.8953
206.415
382.116
618.103
915.848
1277.19
1704.35
2199.9
2766.78
2103.28
1638.67
1237.66
897.306
615.026
388.612
216.222
96.3832
27.9905
10.3073
42.9651
125.964
259.672
444.827
682.532
974.262
1321.86
1727.53
2193.85
2723.78
1558.51
1181.56
861.582
595.627
381.119
215.846
97.9677
26.0108
-1.12989
15.8091
76.4593
180.821
329.262
522.519
761.698
1048.27
1384.08
1771.34
2212.62
2710.87
1121.42
817.518
565.064
361.11
203.077
88.7559
16.304
-15.7515
-8.5155
37.2753
121.253
243.416
404.135
604.145
844.551
1126.83
1452.81
1824.72
2245.13
2716.99
782.792
537.333
338.9
184.546
71.6941
-1.86653
-37.9774
-38.1117
-3.37435
65.4979
168.137
304.542
475.083
680.495
921.883
1200.72
1518.85
1878.48
2282.19
2732.93
535.269
333.64
175.722
58.5689
-20.3977
-63.3877
-72.2428
-48.4362
6.92714
93.1105
209.746
356.832
534.739
744.203
986.328
1262.59
1574.82
1925.25
2316.44
2751.34
373.322
200.914
70.006
-22.3467
-78.7229
-101.332
-92.017
-52.2498
16.8641
114.588
240.554
394.762
577.58
789.744
1032.36
1306.9
1615.21
1959.49
2342.33
2766.67
293.27
135.471
18.0689
-61.8837
-106.965
-119.384
-100.983
-53.2358
22.7534
126.248
256.879
414.647
599.921
813.436
1056.3
1329.98
1636.32
1977.54
2356.2
2775.26
293.27
135.471
18.0689
-61.8837
-106.965
-119.384
-100.983
-53.2358
22.7534
126.248
256.879
414.647
599.921
813.436
1056.3
1329.98
1636.32
1977.54
2356.2
2775.26
373.322
200.914
70.006
-22.3467
-78.7229
-101.332
-92.017
-52.2498
16.8641
114.588
240.554
394.762
577.58
789.744
1032.36
1306.9
1615.21
1959.49
2342.33
2766.67
535.269
333.64
175.722
58.5689
-20.3977
-63.3877
-72.2428
-48.4362
6.92714
93.1105
209.746
356.832
534.739
744.203
986.328
1262.59
1574.82
1925.25
2316.44
2751.34
782.792
537.333
338.9
184.546
71.6941
-1.86653
-37.9774
-38.1117
-3.37435
65.4979
168.137
304.542
475.083
680.495
921.883
1200.72
1518.85
1878.48
2282.19
2732.93
1121.42
817.518
565.064
361.11
203.077
88.7559
16.304
-15.7515
-8.5155
37.2753
121.253
243.416
404.135
604.145
844.551
1126.83
1452.81
1824.72
2245.13
2716.99
1558.51
1181.56
861.582
595.627
381.119
215.846
97.9677
26.0108
-1.12989
15.8091
76.4593
180.821
329.262
522.519
761.698
1048.27
1384.08
1771.34
2212.62
2710.87
2103.28
1638.67
1237.66
897.306
615.026
388.612
216.222
96.3832
27.9905
10.3073
42.9651
125.964
259.672
444.827
682.532
974.262
1321.86
1727.53
2193.85
2723.78
2766.78
2199.9
1704.35
1277.19
915.848
618.103
382.116
206.415
89.8953
31.8195
31.8195
89.8953
206.415
382.116
618.103
915.848
1277.19
1704.35
2199.9
2766.78
3561.89
2878.13
2274.54
1748.19
1296.48
917.21
608.542
368.998
197.476
93.2371
55.9139
85.5062
182.382
347.279
581.301
885.922
1262.98
1714.69
2243.63
2852.75
4503.36
3688.1
2962.97
2325.01
1771.65
1300.67
910.231
598.866
365.465
209.293
129.981
127.529
202.306
355.048
586.861
899.216
1293.96
1773.29
2339.8
2996.43
4539.24
3681.75
2923.22
2260.71
1691.63
1213.77
825.303
524.741
310.984
183.295
141.307
185.018
314.798
531.382
835.876
1229.75
1714.86
2293.39
2967.94
3741.45
3624.29
2898.3
2261.31
1710.4
1242.98
856.836
550.132
321.393
169.514
93.7589
93.7589
169.514
321.393
550.132
856.836
1242.98
1710.4
2261.31
2898.3
3624.29
2852.75
2243.63
1714.69
1262.98
885.922
581.301
347.279
182.382
85.5062
55.9139
93.2371
197.476
368.998
608.542
917.21
1296.48
1748.19
2274.54
2878.13
3561.89
2209.88
1703.04
1268.63
903.72
605.725
372.436
202.011
92.9762
44.2273
55.0276
125.009
254.17
442.881
691.878
1002.27
1375.52
1813.47
2318.35
2892.71
3539.52
1682.79
1263.6
910.231
619.722
389.498
217.35
101.436
40.2832
32.7864
78.2088
176.182
326.707
530.151
787.25
1099.11
1467.21
1893.38
2379.83
2929.15
3544.28
1260.43
914.294
628.446
399.937
226.19
104.993
34.5052
13.2538
40.1336
114.408
235.708
404.035
619.756
883.609
1196.7
1560.49
1976.84
2447.95
2976.4
3565.14
933.589
645.896
414.068
235.16
106.593
26.1566
-7.98987
2.67993
57.061
154.417
294.379
476.947
702.49
971.745
1285.82
1646.18
2054.67
2513.5
3025.25
3592.87
694.905
451.042
259.73
118.022
23.3405
-26.5249
-33.4156
1.19514
76.2022
190.869
344.827
538.077
770.987
1044.29
1359.1
1716.88
2119.48
2569.1
3068.33
3620.11
538.852
324.209
159.907
42.9996
-29.0916
-58.5765
-47.2967
3.27462
92.0324
218.24
381.529
581.9
819.72
1095.73
1411.03
1767.09
2165.76
2609.24
3100.12
3641.35
461.746
261.713
110.917
6.40919
-54.3868
-73.6815
-53.3164
5.23516
100.868
232.846
400.801
604.732
845.008
1122.37
1437.91
1793.11
2189.82
2630.23
3116.94
3652.88
461.746
261.713
110.917
6.40919
-54.3868
-73.6815
-53.3164
5.23516
100.868
232.846
400.801
604.732
845.008
1122.37
1437.91
1793.11
2189.82
2630.23
3116.94
3652.88
538.852
324.209
159.907
42.9996
-29.0916
-58.5765
-47.2967
3.27462
92.0324
218.24
381.529
581.9
819.72
1095.73
1411.03
1767.09
2165.76
2609.24
3100.12
3641.35
694.905
451.042
259.73
118.022
23.3405
-26.5249
-33.4156
1.19514
76.2022
190.869
344.827
538.077
770.987
1044.29
1359.1
1716.88
2119.48
2569.1
3068.33
3620.11
933.589
645.896
414.068
235.16
106.593
26.1566
-7.98987
2.67993
57.061
154.417
294.379
476.947
702.49
971.745
1285.82
1646.18
2054.67
2513.5
3025.25
3592.87
1260.43
914.294
628.446
399.937
226.19
104.993
34.5052
13.2538
40.1336
114.408
235.708
404.035
619.756
883.609
1196.7
1560.49
1976.84
2447.95
2976.4
3565.14
1682.79
1263.6
910.231
619.722
389.498
217.35
101.436
40.2832
32.7864
78.2088
176.182
326.707
530.151
787.25
1099.11
1467.21
1893.38
2379.83
2929.15
3544.28
2209.88
1703.04
1268.63
903.72
605.725
372.436
202.011
92.9762
44.2273
55.0276
125.009
254.17
442.881
691.878
1002.27
1375.52
1813.47
2318.35
2892.71
3539.52
2852.75
2243.63
1714.69
1262.98
885.922
581.301
347.279
182.382
85.5062
55.9139
93.2371
197.476
368.998
608.542
917.21
1296.48
1748.19
2274.54
2878.13
3561.89
3624.29
2898.3
2261.31
1710.4
1242.98
856.836
550.132
321.393
169.514
93.7589
93.7589
169.514
321.393
550.132
856.836
1242.98
1710.4
2261.31
2898.3
3624.29
4539.24
3681.75
2923.22
2260.71
1691.63
1213.77
825.303
524.741
310.984
183.295
141.307
185.018
314.798
531.382
835.876
1229.75
1714.86
2293.39
2967.94
3741.45
4626.56
3721.56
2925.47
2235.33
1648.57
1162.98
776.719
488.312
296.654
201.009
201.009
296.654
488.312
776.719
1162.98
1648.57
2235.33
2925.47
3721.56
4626.56
3741.45
2967.94
2293.39
1714.86
1229.75
835.876
531.382
314.798
185.018
141.307
183.295
310.984
524.741
825.303
1213.77
1691.63
2260.71
2923.22
3681.75
4539.24
2996.43
2339.8
1773.29
1293.96
899.216
586.861
355.048
202.306
127.529
129.981
209.293
365.465
598.866
910.231
1300.67
1771.65
2325.01
2962.97
3688.1
4503.36
2376.76
1822.41
1350.43
957.898
642.224
401.2
232.984
136.104
109.455
152.299
264.269
445.364
695.953
1016.77
1408.93
1873.89
2413.5
3029.98
3725.89
4504.19
1869.56
1402.86
1011.92
693.789
445.886
266.003
152.299
103.301
117.903
195.37
335.332
537.789
803.111
1132.03
1525.66
1985.47
2513.3
3111.35
3782.22
4528.84
1463.78
1070.13
746.712
490.579
299.152
170.22
101.943
92.8458
141.825
248.143
411.432
631.692
909.291
1244.97
1639.82
2095.33
2613.34
3196.05
3846.04
4566.27
1150.2
814.99
545.593
339.061
192.814
104.644
72.707
95.5314
172.012
301.412
483.362
717.864
1005.29
1346.36
1742.2
2194.27
2704.42
3274.85
3908.15
4607.26
921.457
630.081
401.2
231.868
119.507
61.9068
57.226
103.991
201.098
347.809
543.755
788.938
1083.73
1428.85
1825.43
2274.92
2779.18
3340.4
3961.18
4644.45
772.034
509.878
308.007
163.475
73.7046
36.4849
49.9747
112.701
223.558
381.809
587.087
839.391
1139.09
1486.92
1883.98
2331.76
2832.09
3387.17
3999.6
4672.31
698.243
450.697
262.331
130.2
51.7242
24.6948
47.2698
117.976
235.708
399.73
609.673
865.538
1167.69
1516.87
1914.18
2361.1
2859.46
3411.48
4019.73
4687.16
698.243
450.697
262.331
130.2
51.7242
24.6948
47.2698
117.976
235.708
399.73
609.673
865.538
1167.69
1516.87
1914.18
2361.1
2859.46
3411.48
4019.73
4687.16
772.034
509.878
308.007
163.475
73.7046
36.4849
49.9747
112.701
223.558
381.809
587.087
839.391
1139.09
1486.92
1883.98
2331.76
2832.09
3387.17
3999.6
4672.31
921.457
630.081
401.2
231.868
119.507
61.9068
57.226
103.991
201.098
347.809
543.755
788.938
1083.73
1428.85
1825.43
2274.92
2779.18
3340.4
3961.18
4644.45
1150.2
814.99
545.593
339.061
192.814
104.644
72.707
95.5314
172.012
301.412
483.362
717.864
1005.29
1346.36
1742.2
2194.27
2704.42
3274.85
3908.15
4607.26
1463.78
1070.13
746.712
490.579
299.152
170.22
101.943
92.8458
141.825
248.143
411.432
631.692
909.291
1244.97
1639.82
2095.33
2613.34
3196.05
3846.04
4566.27
1869.56
1402.86
1011.92
693.789
445.886
266.003
152.299
103.301
117.903
195.37
335.332
537.789
803.111
1132.03
1525.66
1985.47
2513.3
3111.35
3782.22
4528.84
2376.76
1822.41
1350.43
957.898
642.224
401.2
232.984
136.104
109.455
152.299
264.269
445.364
695.953
1016.77
1408.93
1873.89
2413.5
3029.98
3725.89
4504.19
2996.43
2339.8
1773.29
1293.96
899.216
586.861
355.048
202.306
127.529
129.981
209.293
365.465
598.866
910.231
1300.67
1771.65
2325.01
2962.97
3688.1
4503.36
3741.45
2967.94
2293.39
1714.86
1229.75
835.876
531.382
314.798
185.018
141.307
183.295
310.984
524.741
825.303
1213.77
1691.63
2260.71
2923.22
3681.75
4539.24
4626.56
3721.56
2925.47
2235.33
1648.57
1162.98
776.719
488.312
296.654
201.009
201.009
296.654
488.312
776.719
1162.98
1648.57
2235.33
2925.47
3721.56
4626.56
